60
skeleton:bn_spA01 -1 1 -1.68051e-018 3.46945e-018 0.000590569 1.29422e-018 0.994098 0.108482 -1.36787 -3.63128e-018 -0.108482 0.994098 0.114684 
skeleton:bn_spB01 0 1 -1.68051e-018 3.46945e-018 0.000590569 1.29422e-018 0.994098 0.108482 -1.62289 -3.63128e-018 -0.108482 0.994098 0.139436 
skeleton:bn_l_thigh01 0 0.011206 -0.992616 -0.120783 1.3622 0.138299 -0.118091 0.983325 0.103829 -0.990327 -0.0277233 0.135954 0.21298 
skeleton:bn_r_thigh01 0 0.0162308 0.958973 0.283032 -1.325 0.0579787 0.28169 -0.957752 -0.345473 -0.998186 0.0319549 -0.0510279 -0.230714 
skeleton:bn_spC01 1 1 -1.68051e-018 3.46945e-018 0.000590569 1.29422e-018 0.994098 0.108482 -1.88091 -3.63128e-018 -0.108482 0.994098 0.170179 
skeleton:bn_l_knee_a01 2 0.0115968 -0.999905 -0.00739981 0.689272 0.121776 -0.00593296 0.99254 -0.0193742 -0.99249 -0.0124114 0.121696 0.20184 
skeleton:bn_r_knee_a01 3 0.0207532 0.983222 0.18123 -0.682771 0.0441855 0.18019 -0.982639 -0.115047 -0.998808 0.0284007 -0.0397046 -0.230236 
skeleton:bn_spD01 4 1 -1.68051e-018 3.46945e-018 -0.00294194 1.29422e-018 0.994098 0.108482 -2.21594 -3.63128e-018 -0.108482 0.994098 0.203488 
skeleton:bn_l_knee_b01 5 0.00271138 -0.999967 -0.00763875 0.633265 0.125324 -0.00723876 0.992089 -0.0131095 -0.992112 -0.00364725 0.125301 0.197344 
skeleton:bn_r_knee_b01 6 0.0207834 0.983235 0.181155 -0.62227 0.0470022 0.180033 -0.982537 -0.117209 -0.998679 0.0289351 -0.0424725 -0.230864 
skeleton:bn_spE01 7 1 -1.68051e-018 3.46945e-018 -0.00294194 1.29422e-018 0.994098 0.108482 -2.47413 -3.63128e-018 -0.108482 0.994098 0.228423 
skeleton:bn_l_shoulder01 7 0.903811 -0.414134 -0.107791 0.862682 0.424346 0.899881 0.100719 -2.1626 0.055288 -0.136771 0.989059 0.242699 
skeleton:bn_r_shoulder01 7 0.965071 0.259064 0.0390328 -0.497004 0.261978 -0.955617 -0.134772 2.26454 0.00238566 0.140291 -0.990107 -0.281899 
skeleton:bn_l_foot01 8 0.210647 -0.462748 0.861099 0.105383 0.111809 0.886488 0.449041 -0.152795 -0.971147 0.00168984 0.238476 0.246893 
skeleton:bn_r_foot01 9 -0.247044 -0.0116622 0.968934 0.0206726 -0.058197 0.998301 -0.00282251 -0.196466 -0.967255 -0.0570863 -0.247303 -0.241023 
skeleton:bn_neck01 10 2.57426e-005 0.99149 0.13018 -2.46113 0.00117769 -0.13018 0.99149 0.289436 0.999999 0.000127789 -0.00117102 -0.00322188 
skeleton:bn_l_arm01 11 0.838284 -0.527965 -0.136134 1.01053 0.27653 0.626878 -0.728392 -1.5165 0.469905 0.572954 0.6715 -1.51261 
skeleton:bn_r_arm01 12 0.117546 0.962892 -0.242946 -2.22978 0.882837 0.0107003 0.469558 0.210789 0.454733 -0.269677 -0.848818 0.787574 
skeleton:bn_l_ball01 13 0.27751 -0.0136474 0.960626 -0.131149 0.0613542 0.99811 -0.00354431 -0.0648449 -0.958762 0.059922 0.277822 0.226278 
skeleton:bn_r_ball01 14 0.102898 -0.204112 -0.973525 0.0950668 -0.0891769 -0.976672 0.195346 0.022107 -0.990686 0.0667152 -0.1187 -0.243633 
skeleton:bn_head01 15 0.000709805 0.727993 0.685585 -1.93699 -0.000940104 0.685585 -0.727992 -1.76116 -0.999999 -0.000127789 0.00117102 0.00317843 
skeleton:bn_l_elbow_a01 16 0.838334 -0.527898 -0.136088 0.572049 0.278568 0.629394 -0.72544 -1.52312 0.468612 0.570251 0.674698 -1.506 
skeleton:bn_r_elbow_a01 17 0.117469 0.962892 -0.242983 -2.01956 0.884381 0.00986914 0.466661 0.518192 0.451742 -0.269708 -0.850404 0.925764 
skeleton:bn_l_toe01 18 0.27751 -0.0136474 0.960626 -0.309893 0.0613542 0.99811 -0.00354431 -0.0204264 -0.958762 0.059922 0.277822 0.227351 
skeleton:bn_r_toe01 19 0.102898 -0.204112 -0.973525 0.259626 -0.0891769 -0.976672 0.195346 -0.0663194 -0.990686 0.0667152 -0.1187 -0.264561 
skeleton:be_forehead01 20 0.000709805 0.727993 0.685585 -2.19933 -0.000940104 0.685585 -0.727992 -1.76116 -0.999999 -0.000127789 0.00117102 0.00317843 
skeleton:bn_l_elbow_b01 21 0.856336 -0.50139 -0.123676 0.443038 0.335202 0.721846 -0.605457 -1.75351 0.392846 0.477019 0.78621 -1.25609 
skeleton:bn_r_elbow_b01 22 0.117531 0.962896 -0.242935 -1.97849 0.945242 -0.0334691 0.324649 0.717863 0.304472 -0.267789 -0.914104 0.851052 
skeleton:bn_l_wrist01 26 0.911544 -0.410939 0.0147265 -0.0301007 0.408661 0.909304 0.0785045 -2.18534 -0.0456515 -0.0655421 0.996805 0.217451 
skeleton:bn_r_wrist01 27 0.727211 0.625542 0.282598 -0.600439 0.674024 -0.572885 -0.466363 1.85356 -0.129834 0.529622 -0.838239 -1.11311 
skeleton:bn_l_thumb_a01 28 0.429862 -0.710548 0.557082 0.953701 -0.427729 0.383112 0.818702 -0.314394 -0.795152 -0.590209 -0.139236 1.93981 
skeleton:bn_l_indexF_a01 28 0.800007 -0.554058 0.230235 0.158217 0.187416 0.595293 0.781346 -1.31249 -0.569968 -0.581933 0.580078 1.74473 
skeleton:bn_l_midF_a01 28 0.724364 -0.647655 -0.236305 0.37782 0.585735 0.758921 -0.284522 -2.0763 0.363609 0.0676851 0.929089 -0.474545 
skeleton:bn_l_ringF_a01 28 0.699398 -0.714671 0.00938005 0.541671 0.347789 0.351764 0.869083 -0.94563 -0.624407 -0.604573 0.494578 1.84209 
skeleton:bn_l_pinky_a01 28 0.521628 -0.831249 -0.192169 0.952861 -0.853032 -0.512237 -0.099749 1.82644 -0.0155199 0.215958 -0.976279 -0.489493 
skeleton:bn_r_thumb_a01 29 0.140052 0.98572 -0.0934984 -1.78383 -0.334176 -0.0418317 -0.941582 -0.0993236 -0.932047 0.163115 0.323546 -1.30571 
skeleton:bn_r_indexF_a01 29 0.561547 0.813131 0.153241 -0.964197 0.317578 -0.0407831 -0.947355 0.582887 -0.764074 0.58065 -0.281134 -1.92046 
skeleton:bn_r_midF_a01 29 0.490626 0.635987 0.595657 -0.730235 0.816605 -0.574108 -0.0596357 2.01729 0.304044 0.515675 -0.801022 -0.541864 
skeleton:bn_r_ringF_a01 29 0.42927 0.803582 0.412291 -1.06788 0.384687 0.250337 -0.888452 0.029565 -0.817156 0.539989 -0.201665 -1.91886 
skeleton:bn_r_pinky_a01 29 0.237067 0.74368 0.625092 -1.17204 -0.964148 0.101128 0.24534 -1.2494 0.11924 -0.660843 0.740992 1.3372 
skeleton:bn_l_thumb_b01 30 0.482628 -0.815403 0.319669 1.03527 -0.192751 0.257155 0.946952 -0.321614 -0.854352 -0.518642 -0.0330596 1.87883 
skeleton:bn_l_indexF_b01 31 0.634734 -0.695845 0.336025 0.540427 -0.389587 0.0873699 0.916836 0.305258 -0.667334 -0.712858 -0.215635 2.08064 
skeleton:bn_l_midF_b01 32 0.388808 -0.917358 -0.0853339 1.20019 -0.846532 -0.392266 0.359877 1.70406 -0.363609 -0.0676851 -0.929089 0.485334 
skeleton:bn_l_ringF_b01 33 0.457025 -0.862301 0.218096 1.04339 -0.453648 -0.0150681 0.891054 0.622387 -0.76507 -0.506173 -0.398067 1.73392 
skeleton:bn_l_pinky_b01 34 0.409277 -0.910402 0.0605 1.18871 -0.658812 -0.248997 0.709907 1.23776 -0.631237 -0.330407 -0.701692 1.18873 
skeleton:bn_r_thumb_b01 35 0.293299 0.945181 0.143555 -1.54162 -0.161364 0.196948 -0.967044 -0.343524 -0.942304 0.260468 0.210283 -1.51975 
skeleton:bn_r_indexF_b01 36 0.16633 0.963893 0.207951 -1.66341 -0.400012 0.258714 -0.879237 -0.79285 -0.90129 0.0630608 0.428601 -1.2347 
skeleton:bn_r_midF_b01 37 0.0768452 0.824813 0.560159 -1.51325 -0.949554 0.231868 -0.211152 -1.51005 -0.304044 -0.515675 0.801022 0.485541 
skeleton:bn_r_ringF_b01 38 0.139055 0.950684 0.277244 -1.60608 -0.491849 0.309294 -0.813893 -1.05394 -0.859505 -0.0231864 0.510601 -1.00343 
skeleton:bn_r_pinky_b01 39 0.0888218 0.897319 0.432353 -1.56582 -0.749114 0.346259 -0.564741 -1.43048 -0.656459 -0.273721 0.70295 -0.268636 
skeleton:bn_l_thumb_c01 40 0.482628 -0.815403 0.319669 0.951203 -0.192751 0.257155 0.946952 -0.316891 -0.854352 -0.518642 -0.0330596 1.88083 
skeleton:bn_l_indexF_c01 41 0.722794 -0.587501 0.363883 0.195172 -0.365449 0.121956 0.922808 0.21711 -0.586528 -0.799981 -0.126553 2.12609 
skeleton:bn_l_midF_c01 42 -0.640904 -0.659207 -0.393305 1.89337 -0.626082 0.745358 -0.229049 -0.572472 0.444143 0.099443 -0.89042 -0.739739 
skeleton:bn_l_ringF_c01 43 0.457025 -0.862301 0.218096 0.984373 -0.453648 -0.0150681 0.891054 0.621367 -0.76507 -0.506173 -0.398067 1.72792 
skeleton:bn_l_pinky_c01 44 0.409277 -0.910402 0.0605 1.13745 -0.658812 -0.248997 0.709907 1.22848 -0.631237 -0.330407 -0.701692 1.19259 
skeleton:bn_r_thumb_c01 45 0.293299 0.945181 0.143555 -1.48718 -0.161364 0.196948 -0.967044 -0.312535 -0.942304 0.260468 0.210283 -1.54515 
skeleton:bn_r_indexF_c01 46 0.16633 0.963893 0.207951 -1.60964 -0.400012 0.258714 -0.879237 -0.767842 -0.90129 0.0630608 0.428601 -1.25964 
skeleton:bn_r_midF_c01 47 0.0768452 0.824813 0.560159 -1.48161 -0.949554 0.231868 -0.211152 -1.51606 -0.304044 -0.515675 0.801022 0.435393 
skeleton:bn_r_ringF_c01 48 0.139055 0.950684 0.277244 -1.5627 -0.491849 0.309294 -0.813893 -1.02694 -0.859505 -0.0231864 0.510601 -1.03056 
skeleton:bn_r_pinky_c01 49 0.0888218 0.897319 0.432353 -1.52817 -0.749114 0.346259 -0.564741 -1.41543 -0.656459 -0.273721 0.70295 -0.305134 
